#SEED: 0.03515003062784672
SAT0,-76.19732913084015,-171.13795018691053,668.326718317571
SAT1,44.7768435661859,172.5631264871397,465.65486417642035
SAT2,42.81822596521002,153.5022264222219,524.3840815213011
SAT3,41.38142063000777,-7.3019716904306335,482.9680040783468
SAT4,74.89661230646303,-13.04680556309404,325.29602356499913
SAT5,6.669370063150467,118.17100626930659,651.6255267080575
SAT6,-63.96704343653734,-153.88594134225636,529.0226145862354
SAT7,43.80169459270411,-130.63555054306354,690.0556265252276
SAT8,82.27597884236027,-6.103312433481136,505.8514574243143
SAT9,-86.5948403683433,-76.28361363302278,613.2516399312872
SAT10,-11.46722062012833,-28.621978006164937,530.3339652043051
SAT11,23.81059504418151,-159.74301830008312,344.69883669803687
SAT12,-36.50742679230781,120.93040840741247,442.94646990277806
SAT13,-63.892280512076496,-108.3510426182798,504.97212438842223
SAT14,8.861467997347518,-119.47382542928975,630.6636446336088
SAT15,-84.12906694907142,57.27030093534674,387.1175788144088
SAT16,64.01803659984586,162.33983681079695,688.1441129607817
SAT17,-53.2159405557818,-37.81832156143332,586.0144768505181
SAT18,-83.66296170090725,135.78106881552907,545.6848639990031
SAT19,35.14666491206134,-31.619235069889214,621.4434133386782
ROUTE,73.27681320950205,44.2198159597564,-58.376333692387206,-80.68552739217672